% number of repeats:% 3
% enter first, last, inc:% 48 480 48 
data = [
%  n          reference      |         current implementation 
%        time       GFLOPS   |    time       GFLOPS     diff 
   480 5.8409e-03 3.7868e+01    4.8957e-02 4.5179e+00 3.4106e-13
   432 3.9880e-03 4.0432e+01    3.4816e-02 4.6313e+00 2.9843e-13
   384 2.8892e-03 3.9197e+01    2.4442e-02 4.6332e+00 2.1316e-13
   336 1.9624e-03 3.8659e+01    1.6415e-02 4.6217e+00 1.7053e-13
   288 1.2688e-03 3.7653e+01    1.0370e-02 4.6070e+00 1.1369e-13
   240 7.2320e-04 3.8230e+01    5.8060e-03 4.7620e+00 4.2633e-14
   192 3.8335e-04 3.6927e+01    2.6641e-03 5.3135e+00 2.8422e-14
   144 1.7548e-04 3.4033e+01    8.5406e-04 6.9925e+00 2.8422e-14
    96 6.1133e-05 2.8945e+01    2.3903e-04 7.4027e+00 1.4211e-14
    48 1.2631e-05 1.7511e+01    2.7480e-05 8.0489e+00 5.3291e-15
];

% Maximum difference between reference and your implementation: 3.410605e-13.
