% number of repeats:% 3
% enter first, last, inc:% 48 480 48 
data = [
%  n          reference      |         current implementation 
%        time       GFLOPS   |    time       GFLOPS     diff 
   480 5.7471e-03 3.8486e+01    2.8324e-02 7.8091e+00 3.4106e-13
   432 4.2297e-03 3.8122e+01    2.0691e-02 7.7929e+00 2.9843e-13
   384 3.1209e-03 3.6287e+01    1.4405e-02 7.8614e+00 2.1316e-13
   336 1.9720e-03 3.8472e+01    9.6123e-03 7.8926e+00 1.7053e-13
   288 1.2773e-03 3.7403e+01    6.0705e-03 7.8702e+00 1.1369e-13
   240 7.2615e-04 3.8075e+01    3.5347e-03 7.8220e+00 4.2633e-14
   192 3.8509e-04 3.6759e+01    1.6692e-03 8.4807e+00 2.8422e-14
   144 1.7744e-04 3.3657e+01    5.6999e-04 1.0477e+01 2.8422e-14
    96 6.2613e-05 2.8260e+01    1.8878e-04 9.3731e+00 1.4211e-14
    48 1.2581e-05 1.7581e+01    2.8361e-05 7.7989e+00 5.3291e-15
];

% Maximum difference between reference and your implementation: 3.410605e-13.
