% number of repeats:% 3
% enter first, last, inc:% 48 480 48 
data = [
%  n          reference      |         current implementation 
%        time       GFLOPS   |    time       GFLOPS     diff 
   480 5.7898e-03 3.8203e+01    5.9912e-02 3.6918e+00 1.8474e-13
   432 4.2323e-03 3.8098e+01    3.6097e-02 4.4669e+00 1.7053e-13
   384 3.0544e-03 3.7076e+01    3.8986e-02 2.9048e+00 1.4211e-13
   336 2.1686e-03 3.4984e+01    1.9395e-02 3.9117e+00 1.5632e-13
   288 1.3376e-03 3.5717e+01    1.2876e-02 3.7104e+00 1.2790e-13
   240 7.6188e-04 3.6289e+01    6.9350e-03 3.9867e+00 1.1369e-13
   192 4.0119e-04 3.5285e+01    3.4609e-03 4.0902e+00 8.5265e-14
   144 1.8453e-04 3.2363e+01    1.1807e-03 5.0582e+00 6.3949e-14
    96 6.3796e-05 2.7736e+01    3.4121e-04 5.1858e+00 3.1974e-14
    48 1.3237e-05 1.6710e+01    4.7208e-05 4.6853e+00 8.8818e-15
];

% Maximum difference between reference and your implementation: 1.847411e-13.
