% number of repeats:% 3
% enter first, last, inc:% 48 480 48 
data = [
%  n          reference      |         current implementation 
%        time       GFLOPS   |    time       GFLOPS     diff 
   480 5.7712e-03 3.8325e+01    9.7124e-02 2.2773e+00 3.4106e-13
   432 4.0558e-03 3.9756e+01    7.1119e-02 2.2672e+00 2.9843e-13
   384 2.9763e-03 3.8050e+01    5.0352e-02 2.2491e+00 2.1316e-13
   336 1.9909e-03 3.8107e+01    3.3813e-02 2.2437e+00 1.7053e-13
   288 1.2873e-03 3.7114e+01    2.1497e-02 2.2224e+00 1.1369e-13
   240 7.3077e-04 3.7834e+01    1.2570e-02 2.1996e+00 4.2633e-14
   192 4.0107e-04 3.5295e+01    6.5641e-03 2.1565e+00 2.8422e-14
   144 1.7736e-04 3.3671e+01    2.7185e-03 2.1968e+00 2.8422e-14
    96 6.2585e-05 2.8273e+01    8.4570e-04 2.0923e+00 1.4211e-14
    48 1.2623e-05 1.7522e+01    1.0862e-04 2.0364e+00 5.3291e-15
];

% Maximum difference between reference and your implementation: 3.410605e-13.
