% number of repeats:% 3
% enter first, last, inc:% 48 480 48 
data = [
%  n          reference      |         current implementation 
%        time       GFLOPS   |    time       GFLOPS     diff 
   480 5.8424e-03 3.7858e+01    1.6677e-01 1.3263e+00 3.5527e-13
   432 4.0883e-03 3.9440e+01    9.3874e-02 1.7176e+00 3.1264e-13
   384 2.9714e-03 3.8112e+01    1.2733e-01 8.8940e-01 1.9895e-13
   336 2.0141e-03 3.7667e+01    4.3885e-02 1.7287e+00 1.7053e-13
   288 1.3040e-03 3.6637e+01    2.7482e-02 1.7385e+00 1.1369e-13
   240 7.4290e-04 3.7216e+01    1.5396e-02 1.7958e+00 4.2633e-14
   192 3.9229e-04 3.6085e+01    7.3605e-03 1.9232e+00 2.8422e-14
   144 1.7815e-04 3.3523e+01    2.7032e-03 2.2092e+00 2.8422e-14
    96 6.2285e-05 2.8409e+01    8.3007e-04 2.1317e+00 1.4211e-14
    48 1.3032e-05 1.6972e+01    1.0316e-04 2.1441e+00 7.1054e-15
];

% Maximum difference between reference and your implementation: 3.552714e-13.
