% number of repeats:% 3
% enter first, last, inc:% 48 480 48 
data = [
%  n          reference      |         current implementation 
%        time       GFLOPS   |    time       GFLOPS     diff 
   480 6.7631e-03 3.2705e+01    2.9977e-02 7.3785e+00 2.4158e-13
   432 4.2221e-03 3.8190e+01    1.8944e-02 8.5117e+00 2.5580e-13
   384 3.0446e-03 3.7195e+01    1.3306e-02 8.5112e+00 2.1316e-13
   336 2.0627e-03 3.6780e+01    9.1802e-03 8.2641e+00 1.8474e-13
   288 1.3255e-03 3.6043e+01    5.9715e-03 8.0007e+00 1.4211e-13
   240 7.5710e-04 3.6518e+01    3.3518e-03 8.2487e+00 1.1369e-13
   192 4.0070e-04 3.5327e+01    1.5019e-03 9.4254e+00 8.5265e-14
   144 1.8364e-04 3.2519e+01    3.7793e-04 1.5802e+01 5.6843e-14
    96 6.3821e-05 2.7726e+01    1.1851e-04 1.4930e+01 3.1974e-14
    48 1.2614e-05 1.7535e+01    1.5047e-05 1.4700e+01 8.8818e-15
];

% Maximum difference between reference and your implementation: 2.557954e-13.
