% number of repeats:% 3
% enter first, last, inc:% 48 480 48 
data = [
%  n          reference      |         current implementation 
%        time       GFLOPS   |    time       GFLOPS     diff 
   480 6.1815e-03 3.5782e+01    1.3385e-01 1.6525e+00 3.5527e-13
   432 4.2825e-03 3.7652e+01    8.6096e-02 1.8728e+00 3.1264e-13
   384 3.2405e-03 3.4947e+01    1.5505e-01 7.3038e-01 1.9895e-13
   336 2.0916e-03 3.6271e+01    4.0574e-02 1.8698e+00 1.7053e-13
   288 1.3510e-03 3.5364e+01    2.5886e-02 1.8456e+00 1.1369e-13
   240 7.7100e-04 3.5860e+01    1.4530e-02 1.9028e+00 4.2633e-14
   192 4.0560e-04 3.4900e+01    7.8504e-03 1.8032e+00 2.8422e-14
   144 1.8595e-04 3.2116e+01    2.8261e-03 2.1131e+00 2.8422e-14
    96 6.5300e-05 2.7098e+01    8.3415e-04 2.1213e+00 1.4211e-14
    48 1.3191e-05 1.6768e+01    9.5494e-05 2.3162e+00 7.1054e-15
];

% Maximum difference between reference and your implementation: 3.552714e-13.
