% number of repeats:% 3
% enter first, last, inc:% 48 480 48 
data = [
%  n          reference      |         current implementation 
%        time       GFLOPS   |    time       GFLOPS     diff 
   480 6.9339e-03 3.1899e+01    1.5795e-01 1.4003e+00 3.5527e-13
   432 5.0768e-03 3.1761e+01    9.1478e-02 1.7627e+00 3.1264e-13
   384 3.2923e-03 3.4397e+01    1.5378e-01 7.3642e-01 1.9895e-13
   336 2.1587e-03 3.5144e+01    4.1892e-02 1.8110e+00 1.7053e-13
   288 1.3967e-03 3.4206e+01    2.6775e-02 1.7843e+00 1.1369e-13
   240 7.9428e-04 3.4809e+01    1.4953e-02 1.8490e+00 4.2633e-14
   192 4.1888e-04 3.3795e+01    8.0978e-03 1.7481e+00 2.8422e-14
   144 1.9196e-04 3.1111e+01    2.9185e-03 2.0463e+00 2.8422e-14
    96 6.7142e-05 2.6354e+01    8.6800e-04 2.0386e+00 1.4211e-14
    48 1.3697e-05 1.6148e+01    9.8918e-05 2.2360e+00 7.1054e-15
];

% Maximum difference between reference and your implementation: 3.552714e-13.
