% number of repeats:% 3
% enter first, last, inc:% 48 480 48 
data = [
%  n          reference      |         current implementation 
%        time       GFLOPS   |    time       GFLOPS     diff 
   480 6.4831e-03 3.4117e+01    9.7440e-02 2.2700e+00 3.4106e-13
   432 4.2100e-03 3.8300e+01    6.8675e-02 2.3479e+00 2.9843e-13
   384 2.9470e-03 3.8427e+01    4.8338e-02 2.3428e+00 2.1316e-13
   336 1.9725e-03 3.8462e+01    3.2458e-02 2.3374e+00 1.7053e-13
   288 1.2802e-03 3.7319e+01    2.0441e-02 2.3372e+00 1.1369e-13
   240 7.3920e-04 3.7403e+01    1.1883e-02 2.3268e+00 4.2633e-14
   192 3.8675e-04 3.6602e+01    6.1274e-03 2.3102e+00 2.8422e-14
   144 1.7704e-04 3.3732e+01    2.5972e-03 2.2994e+00 2.8422e-14
    96 6.1864e-05 2.8603e+01    7.5859e-04 2.3326e+00 1.4211e-14
    48 1.2560e-05 1.7610e+01    1.0747e-04 2.0580e+00 5.3291e-15
];

% Maximum difference between reference and your implementation: 3.410605e-13.
