% number of repeats:% 3
% enter first, last, inc:% 48 480 48 
data = [
%  n          reference      |         current implementation 
%        time       GFLOPS   |    time       GFLOPS     diff 
   480 6.1024e-03 3.6245e+01    1.3415e-01 1.6488e+00 3.5527e-13
   432 4.2614e-03 3.7838e+01    8.5730e-02 1.8808e+00 3.1264e-13
   384 3.0909e-03 3.6639e+01    1.5199e-01 7.4507e-01 1.9895e-13
   336 2.0913e-03 3.6277e+01    4.0598e-02 1.8687e+00 1.7053e-13
   288 1.3528e-03 3.5316e+01    2.5890e-02 1.8453e+00 1.1369e-13
   240 7.7082e-04 3.5869e+01    1.4485e-02 1.9087e+00 4.2633e-14
   192 4.0606e-04 3.4861e+01    7.8477e-03 1.8038e+00 2.8422e-14
   144 1.8610e-04 3.2090e+01    2.8246e-03 2.1143e+00 2.8422e-14
    96 6.5236e-05 2.7124e+01    8.4580e-04 2.0921e+00 1.4211e-14
    48 1.3260e-05 1.6681e+01    9.5604e-05 2.3135e+00 7.1054e-15
];

% Maximum difference between reference and your implementation: 3.552714e-13.
