% number of repeats:% 3
% enter first, last, inc:% 48 480 48 
data = [
%  n          reference      |         current implementation 
%        time       GFLOPS   |    time       GFLOPS     diff 
   480 7.3924e-03 2.9920e+01    3.1461e-01 7.0304e-01 3.4106e-13
   432 5.0139e-03 3.2159e+01    2.5752e-01 6.2614e-01 2.9843e-13
   384 3.6324e-03 3.1177e+01    2.6795e-01 4.2264e-01 2.1316e-13
   336 1.9865e-03 3.8191e+01    9.9551e-02 7.6208e-01 1.7053e-13
   288 1.2882e-03 3.7088e+01    6.2791e-02 7.6087e-01 1.1369e-13
   240 7.4462e-04 3.7130e+01    2.6799e-02 1.0317e+00 4.2633e-14
   192 3.8709e-04 3.6570e+01    1.8286e-02 7.7413e-01 2.8422e-14
   144 1.7652e-04 3.3831e+01    4.0735e-03 1.4661e+00 2.8422e-14
    96 6.1648e-05 2.8703e+01    1.2098e-03 1.4626e+00 1.4211e-14
    48 1.2692e-05 1.7427e+01    1.0743e-04 2.0589e+00 5.3291e-15
];

% Maximum difference between reference and your implementation: 3.410605e-13.
