% number of repeats:% 3
% enter first, last, inc:% 48 480 48 
data = [
%  n          reference      |         current implementation 
%        time       GFLOPS   |    time       GFLOPS     diff 
   480 5.7556e-03 3.8429e+01    4.9561e-02 4.4628e+00 3.4106e-13
   432 4.2148e-03 3.8256e+01    3.5864e-02 4.4959e+00 2.9843e-13
   384 3.0368e-03 3.7291e+01    2.5292e-02 4.4775e+00 2.1316e-13
   336 2.0686e-03 3.6676e+01    1.6939e-02 4.4788e+00 1.7053e-13
   288 1.3300e-03 3.5922e+01    1.0703e-02 4.4638e+00 1.1369e-13
   240 7.6580e-04 3.6103e+01    6.0838e-03 4.5446e+00 4.2633e-14
   192 4.2585e-04 3.3241e+01    2.8433e-03 4.9786e+00 2.8422e-14
   144 2.2795e-04 2.6199e+01    9.7696e-04 6.1128e+00 2.8422e-14
    96 7.3812e-05 2.3973e+01    2.7299e-04 6.4819e+00 1.4211e-14
    48 1.2932e-05 1.7104e+01    2.7932e-05 7.9187e+00 5.3291e-15
];

% Maximum difference between reference and your implementation: 3.410605e-13.
