% number of repeats:% 3
% enter first, last, inc:% 48 1488 48 
data = [
%  n          reference      |         current implementation 
%        time       GFLOPS   |    time       GFLOPS     diff 
  1488 1.6846e-01 3.9114e+01    1.9381e+00 3.3999e+00 2.1600e-12
  1440 1.4433e-01 4.1378e+01    1.4681e+00 4.0679e+00 2.1032e-12
  1392 1.3130e-01 4.1086e+01    1.3653e+00 3.9512e+00 1.9327e-12
  1344 1.1804e-01 4.1132e+01    1.2275e+00 3.9554e+00 1.7621e-12
  1296 1.0610e-01 4.1034e+01    1.0655e+00 4.0859e+00 1.8190e-12
  1248 9.3334e-02 4.1652e+01    9.4971e-01 4.0934e+00 1.6485e-12
  1200 8.2940e-02 4.1669e+01    8.4701e-01 4.0803e+00 1.5348e-12
  1152 7.3681e-02 4.1498e+01    7.5114e-01 4.0707e+00 1.3642e-12
  1104 6.4740e-02 4.1568e+01    7.0456e-01 3.8196e+00 1.2506e-12
  1056 5.6599e-02 4.1611e+01    5.6516e-01 4.1672e+00 1.1937e-12
  1008 4.8605e-02 4.2143e+01    4.9918e-01 4.1035e+00 1.0232e-12
   960 4.2256e-02 4.1875e+01    4.2400e-01 4.1733e+00 1.0232e-12
   912 3.6344e-02 4.1742e+01    3.7100e-01 4.0892e+00 1.0800e-12
   864 3.1036e-02 4.1563e+01    3.0926e-01 4.1710e+00 8.5265e-13
   816 2.6311e-02 4.1301e+01    2.5893e-01 4.1968e+00 8.2423e-13
   768 2.1967e-02 4.1242e+01    2.2349e-01 4.0537e+00 7.1054e-13
   720 1.8033e-02 4.1395e+01    1.7566e-01 4.2496e+00 6.8212e-13
   672 1.4772e-02 4.1087e+01    1.4308e-01 4.2418e+00 5.6843e-13
   624 1.1931e-02 4.0728e+01    1.1441e-01 4.2474e+00 5.4001e-13
   576 9.4440e-03 4.0471e+01    8.8833e-02 4.3025e+00 4.8317e-13
   528 7.3440e-03 4.0087e+01    6.8953e-02 4.2695e+00 4.2633e-13
   480 5.4201e-03 4.0808e+01    5.1057e-02 4.3321e+00 3.1264e-13
   432 3.9879e-03 4.0433e+01    3.7231e-02 4.3309e+00 2.7001e-13
   384 2.8879e-03 3.9214e+01    2.7890e-02 4.0604e+00 2.2737e-13
   336 1.9516e-03 3.8874e+01    1.7169e-02 4.4187e+00 1.7053e-13
   288 1.2603e-03 3.7908e+01    1.1045e-02 4.3256e+00 9.9476e-14
   240 7.2074e-04 3.8360e+01    6.2164e-03 4.4476e+00 4.2633e-14
   192 3.7971e-04 3.7281e+01    3.2098e-03 4.4102e+00 2.8422e-14
   144 1.7403e-04 3.4316e+01    1.3445e-03 4.4419e+00 2.8422e-14
    96 6.0848e-05 2.9080e+01    3.6732e-04 4.8172e+00 1.0658e-14
    48 1.2860e-05 1.7199e+01    5.1725e-05 4.2762e+00 5.3291e-15
];

% Maximum difference between reference and your implementation: 2.160050e-12.
