% number of repeats:% 3
% enter first, last, inc:% 48 480 48 
data = [
%  n          reference      |         current implementation 
%        time       GFLOPS   |    time       GFLOPS     diff 
   480 6.7011e-03 3.3007e+01    3.0490e-01 7.2543e-01 3.4106e-13
   432 4.0560e-03 3.9754e+01    2.0941e-01 7.6999e-01 2.9843e-13
   384 2.9699e-03 3.8131e+01    2.7219e-01 4.1605e-01 2.1316e-13
   336 1.9866e-03 3.8189e+01    9.8123e-02 7.7318e-01 1.7053e-13
   288 1.2881e-03 3.7089e+01    6.1525e-02 7.7653e-01 1.1369e-13
   240 7.4456e-04 3.7133e+01    2.7543e-02 1.0038e+00 4.2633e-14
   192 3.9000e-04 3.6296e+01    1.7940e-02 7.8908e-01 2.8422e-14
   144 1.7787e-04 3.3576e+01    4.3354e-03 1.3775e+00 2.8422e-14
    96 6.2064e-05 2.8510e+01    1.2553e-03 1.4096e+00 1.4211e-14
    48 1.2452e-05 1.7763e+01    1.0864e-04 2.0359e+00 5.3291e-15
];

% Maximum difference between reference and your implementation: 3.410605e-13.
