% number of repeats:% 3
% enter first, last, inc:% 48 1488 48 
data = [
%  n          reference      |         current implementation 
%        time       GFLOPS   |    time       GFLOPS     diff 
  1488 1.6967e-01 3.8837e+01    6.9401e+00 9.4945e-01 2.1600e-12
  1440 1.4791e-01 4.0376e+01    6.7507e+00 8.8464e-01 2.1032e-12
  1392 1.3393e-01 4.0279e+01    5.2677e+00 1.0241e+00 1.9327e-12
  1344 1.2489e-01 3.8878e+01    5.4394e+00 8.9264e-01 1.7621e-12
  1296 1.0881e-01 4.0009e+01    3.9432e+00 1.1041e+00 1.8190e-12
  1248 9.5086e-02 4.0884e+01    4.0787e+00 9.5313e-01 1.6485e-12
  1200 8.4593e-02 4.0855e+01    2.8768e+00 1.2013e+00 1.5348e-12
  1152 7.6247e-02 4.0102e+01    3.3511e+00 9.1243e-01 1.3642e-12
  1104 6.6076e-02 4.0728e+01    2.1205e+00 1.2691e+00 1.2506e-12
  1056 5.7931e-02 4.0655e+01    2.2890e+00 1.0289e+00 1.1937e-12
  1008 4.9770e-02 4.1157e+01    1.4889e+00 1.3758e+00 1.0232e-12
   960 4.3525e-02 4.0654e+01    1.9924e+00 8.8809e-01 1.0232e-12
   912 3.7040e-02 4.0958e+01    1.0615e+00 1.4292e+00 1.0800e-12
   864 3.1637e-02 4.0773e+01    1.1123e+00 1.1597e+00 8.5265e-13
   816 2.6822e-02 4.0514e+01    7.1682e-01 1.5160e+00 8.2423e-13
   768 2.2907e-02 3.9550e+01    9.7776e-01 9.2657e-01 7.1054e-13
   720 1.8393e-02 4.0586e+01    4.7349e-01 1.5766e+00 6.8212e-13
   672 1.5185e-02 3.9969e+01    4.2645e-01 1.4232e+00 5.6843e-13
   624 1.2184e-02 3.9884e+01    2.9864e-01 1.6272e+00 5.4001e-13
   576 9.6948e-03 3.9424e+01    3.6844e-01 1.0374e+00 4.8317e-13
   528 7.4841e-03 3.9336e+01    1.7900e-01 1.6446e+00 4.2633e-13
   480 5.5291e-03 4.0003e+01    1.3455e-01 1.6439e+00 3.1264e-13
   432 4.0671e-03 3.9646e+01    9.6092e-02 1.6780e+00 2.7001e-13
   384 2.9763e-03 3.8049e+01    1.1625e-01 9.7413e-01 2.2737e-13
   336 1.9851e-03 3.8217e+01    4.4690e-02 1.6976e+00 1.7053e-13
   288 1.2866e-03 3.7134e+01    2.8189e-02 1.6949e+00 9.9476e-14
   240 7.3305e-04 3.7717e+01    1.6383e-02 1.6876e+00 4.2633e-14
   192 3.8869e-04 3.6419e+01    8.3146e-03 1.7025e+00 2.8422e-14
   144 1.7827e-04 3.3499e+01    3.4500e-03 1.7310e+00 2.8422e-14
    96 6.2612e-05 2.8261e+01    1.0242e-03 1.7277e+00 1.0658e-14
    48 1.3322e-05 1.6603e+01    1.3594e-04 1.6271e+00 5.3291e-15
];

% Maximum difference between reference and your implementation: 2.160050e-12.
