% number of repeats:% 3
% enter first, last, inc:% 48 1488 48 
data = [
%  n          reference      |         current implementation 
%        time       GFLOPS   |    time       GFLOPS     diff 
  1488 1.7796e-01 3.7027e+01    7.2568e+00 9.0801e-01 2.1600e-12
  1440 1.4457e-01 4.1308e+01    6.4184e+00 9.3045e-01 2.1032e-12
  1392 1.3201e-01 4.0865e+01    5.0696e+00 1.0641e+00 1.9327e-12
  1344 1.1806e-01 4.1128e+01    5.1753e+00 9.3819e-01 1.7621e-12
  1296 1.0676e-01 4.0778e+01    3.8772e+00 1.1229e+00 1.8190e-12
  1248 9.3446e-02 4.1602e+01    3.9107e+00 9.9407e-01 1.6485e-12
  1200 8.3078e-02 4.1599e+01    2.8562e+00 1.2100e+00 1.5348e-12
  1152 7.3718e-02 4.1478e+01    3.2309e+00 9.4638e-01 1.3642e-12
  1104 6.4862e-02 4.1490e+01    2.1040e+00 1.2790e+00 1.2506e-12
  1056 5.6698e-02 4.1539e+01    2.2457e+00 1.0487e+00 1.1937e-12
  1008 4.8722e-02 4.2042e+01    1.5006e+00 1.3651e+00 1.0232e-12
   960 4.2284e-02 4.1847e+01    1.8665e+00 9.4803e-01 1.0232e-12
   912 3.6386e-02 4.1694e+01    1.0762e+00 1.4096e+00 1.0800e-12
   864 3.1064e-02 4.1526e+01    1.0815e+00 1.1927e+00 8.5265e-13
   816 2.6366e-02 4.1215e+01    7.0436e-01 1.5428e+00 8.2423e-13
   768 2.1960e-02 4.1255e+01    9.4834e-01 9.5532e-01 7.1054e-13
   720 1.8074e-02 4.1303e+01    4.7631e-01 1.5672e+00 6.8212e-13
   672 1.4805e-02 4.0995e+01    4.2354e-01 1.4330e+00 5.6843e-13
   624 1.1970e-02 4.0597e+01    3.0782e-01 1.5786e+00 5.4001e-13
   576 9.4571e-03 4.0415e+01    3.5429e-01 1.0788e+00 4.8317e-13
   528 7.3566e-03 4.0018e+01    1.8611e-01 1.5818e+00 4.2633e-13
   480 5.4255e-03 4.0767e+01    1.4499e-01 1.5255e+00 3.1264e-13
   432 3.9941e-03 4.0370e+01    1.0214e-01 1.5786e+00 2.7001e-13
   384 2.8863e-03 3.9236e+01    1.1140e-01 1.0166e+00 2.2737e-13
   336 1.9484e-03 3.8937e+01    4.7777e-02 1.5879e+00 1.7053e-13
   288 1.2624e-03 3.7845e+01    3.0093e-02 1.5876e+00 9.9476e-14
   240 7.1700e-04 3.8561e+01    1.7580e-02 1.5727e+00 4.2633e-14
   192 3.8011e-04 3.7241e+01    9.2999e-03 1.5222e+00 2.8422e-14
   144 1.7389e-04 3.4343e+01    3.7746e-03 1.5822e+00 2.8422e-14
    96 6.0996e-05 2.9010e+01    1.1284e-03 1.5682e+00 1.0658e-14
    48 1.2743e-05 1.7357e+01    1.4801e-04 1.4944e+00 5.3291e-15
];

% Maximum difference between reference and your implementation: 2.160050e-12.
