% number of repeats:% 3
% enter first, last, inc:% 48 1488 48 
data = [
%  n          reference      |         current implementation 
%        time       GFLOPS   |    time       GFLOPS     diff 
  1488 1.6251e-01 4.0547e+01    5.3994e+00 1.2204e+00 2.1600e-12
  1440 1.4406e-01 4.1454e+01    5.9405e+00 1.0053e+00 2.1032e-12
  1392 1.4396e-01 3.7472e+01    3.6473e+00 1.4790e+00 1.9327e-12
  1344 1.1724e-01 4.1413e+01    4.8278e+00 1.0057e+00 1.7621e-12
  1296 1.1289e-01 3.8564e+01    2.8885e+00 1.5072e+00 1.8190e-12
  1248 9.2840e-02 4.1874e+01    3.8532e+00 1.0089e+00 1.6485e-12
  1200 8.2668e-02 4.1806e+01    2.2231e+00 1.5546e+00 1.5348e-12
  1152 7.3099e-02 4.1829e+01    3.0562e+00 1.0005e+00 1.3642e-12
  1104 6.4237e-02 4.1894e+01    1.7204e+00 1.5642e+00 1.2506e-12
  1056 5.6199e-02 4.1907e+01    2.1210e+00 1.1104e+00 1.1937e-12
  1008 4.8452e-02 4.2277e+01   