% number of repeats:% 3
% enter first, last, inc:% 48 480 48 
data = [
%  n          reference      |         current implementation 
%        time       GFLOPS   |    time       GFLOPS     diff 
   480 6.0924e-03 3.6305e+01    3.0376e-01 7.2815e-01 3.4106e-13
   432 4.0217e-03 4.0093e+01    2.1251e-01 7.5876e-01 2.9843e-13
   384 2.9588e-03 3.8274e+01    2.6732e-01 4.2363e-01 2.1316e-13
   336 1.9806e-03 3.8304e+01    9.9454e-02 7.6282e-01 1.7053e-13
   288 1.2822e-03 3.7260e+01    6.3193e-02 7.5603e-01 1.1369e-13
   240 7.4020e-04 3.7352e+01    2.7782e-02 9.9518e-01 4.2633e-14
   192 3.8955e-04 3.6339e+01    1.8078e-02 7.8304e-01 2.8422e-14
   144 1.7831e-04 3.3493e+01    4.2754e-03 1.3968e+00 2.8422e-14
    96 6.1745e-05 2.8658e+01    1.2572e-03 1.4075e+00 1.4211e-14
    48 1.3008e-05 1.7004e+01    1.0952e-04 2.0196e+00 5.3291e-15
];

% Maximum difference between reference and your implementation: 3.410605e-13.
