% number of repeats:% 3
% enter first, last, inc:% 48 1488 48 
data = [
%  n          reference      |         current implementation 
%        time       GFLOPS   |    time       GFLOPS     diff 
  1488 1.7280e-01 3.8133e+01    8.2897e-01 7.9488e+00 2.1600e-12
  1440 1.4460e-01 4.1300e+01    7.5414e-01 7.9189e+00 2.1032e-12
  1392 1.3204e-01 4.0856e+01    6.8095e-01 7.9220e+00 1.9327e-12
  1344 1.1804e-01 4.1132e+01    6.1111e-01 7.9453e+00 1.7621e-12
  1296 1.0677e-01 4.0775e+01    5.4810e-01 7.9430e+00 1.8190e-12
  1248 9.3552e-02 4.1555e+01    4.8882e-01 7.9529e+00 1.6485e-12
  1200 8.3240e-02 4.1518e+01    4.3464e-01 7.9515e+00 1.5348e-12
  1152 7.3738e-02 4.1466e+01    3.8221e-01 8.0000e+00 1.3642e-12
  1104 6.4947e-02 4.1436e+01    3.3827e-01 7.9557e+00 1.2506e-12
  1056 5.6796e-02 4.1467e+01    2.9529e-01 7.9759e+00 1.1937e-12
  1008 4.8779e-02 4.1993e+01    2.5616e-01 7.9966e+00 1.0232e-12
   960 4.2326e-02 4.1806e+01    2.2065e-01 8.0195e+00 1.0232e-12
   912 3.6436e-02 4.1638e+01    1.8892e-01 8.0302e+00 1.0800e-12
   864 3.1079e-02 4.1506e+01    1.6024e-01 8.0499e+00 8.5265e-13
   816 2.6388e-02 4.1181e+01    1.3488e-01 8.0563e+00 8.2423e-13
   768 2.1967e-02 4.1242e+01    1.1163e-01 8.1155e+00 7.1054e-13
   720 1.8116e-02 4.1207e+01    9.2697e-02 8.0531e+00 6.8212e-13
   672 1.4811e-02 4.0978e+01    7.5400e-02 8.0494e+00 5.6843e-13
   624 1.1987e-02 4.0540e+01    6.0522e-02 8.0292e+00 5.4001e-13
   576 9.4565e-03 4.0417e+01    4.7368e-02 8.0688e+00 4.8317e-13
   528 7.3624e-03 3.9987e+01    3.6539e-02 8.0570e+00 4.2633e-13
   480 5.4329e-03 4.0712e+01    2.7442e-02 8.0600e+00 3.1264e-13
   432 3.9973e-03 4.0338e+01    2.0025e-02 8.0522e+00 2.7001e-13
   384 2.8892e-03 3.9197e+01    1.4070e-02 8.0485e+00 2.2737e-13
   336 1.9522e-03 3.8861e+01    9.4553e-03 8.0236e+00 1.7053e-13
   288 1.2616e-03 3.7870e+01    5.9770e-03 7.9932e+00 9.9476e-14
   240 7.2251e-04 3.8266e+01    3.4147e-03 8.0967e+00 4.2633e-14
   192 3.8165e-04 3.7091e+01    1.6328e-03 8.6696e+00 2.8422e-14
   144 1.7461e-04 3.4201e+01    6.5659e-04 9.0954e+00 2.8422e-14
    96 6.0828e-05 2.9090e+01    1.7241e-04 1.0263e+01 1.0658e-14
    48 1.3106e-05 1.6877e+01    2.2126e-05 9.9966e+00 5.3291e-15
];

% Maximum difference between reference and your implementation: 2.160050e-12.
