% number of repeats:% 3
% enter first, last, inc:% 48 1488 48 
data = [
%  n          reference      |         current implementation 
%        time       GFLOPS   |    time       GFLOPS     diff 
  1488 1.6794e-01 3.9235e+01    6.8472e-01 9.6233e+00 2.1600e-12
  1440 1.4579e-01 4.0962e+01    5.8230e-01 1.0256e+01 2.1032e-12
  1392 1.3287e-01 4.0600e+01    4.4166e-01 1.2214e+01 1.9327e-12
  1344 1.1891e-01 4.0833e+01    4.6397e-01 1.0465e+01 1.7621e-12
  1296 1.0736e-01 4.0552e+01    3.4992e-01 1.2442e+01 1.8190e-12
  1248 9.3712e-02 4.1484e+01    3.7321e-01 1.0416e+01 1.6485e-12
  1200 8.3782e-02 4.1250e+01    2.7427e-01 1.2601e+01 1.5348e-12
  1152 7.4997e-02 4.0771e+01    2.8744e-01 1.0637e+01 1.3642e-12
  1104 6.4891e-02 4.1472e+01    2.0502e-01 1.3127e+01 1.2506e-12
  1056 5.6769e-02 4.1487e+01    2.0693e-01 1.1382e+01 1.1937e-12
  1008 4.8801e-02 4.1974e+01    1.4795e-01 1.3845e+01 1.0232e-12
   960 4.2393e-02 4.1740e+01    1.6152e-01 1.0955e+01 1.0232e-12
   912 4.6548e-02 3.2592e+01    1.3371e-01 1.1346e+01 1.0800e-12
   864 3.7295e-02 3.4588e+01    1.1839e-01 1.0896e+01 8.5265e-13
   816 3.1072e-02 3.4973e+01    8.8331e-02 1.2302e+01 8.2423e-13
   768 2.6266e-02 3.4493e+01    8.7426e-02 1.0363e+01 7.1054e-13
   720 2.1319e-02 3.5015e+01    5.9902e-02 1.2462e+01 6.8212e-13
   672 1.6469e-02 3.6854e+01    5.3092e-02 1.1432e+01 5.6843e-13
   624 1.3160e-02 3.6925e+01    3.8611e-02 1.2586e+01 5.4001e-13
   576 1.0416e-02 3.6696e+01    3.6778e-02 1.0392e+01 4.8317e-13
   528 8.0869e-03 3.6404e+01    2.2860e-02 1.2878e+01 4.2633e-13
   480 5.9762e-03 3.7011e+01    1.8573e-02 1.1909e+01 3.1264e-13
   432 4.4041e-03 3.6612e+01    1.2547e-02 1.2851e+01 2.7001e-13
   384 3.1854e-03 3.5551e+01    1.0940e-02 1.0351e+01 2.2737e-13
   336 2.1506e-03 3.5277e+01    5.8938e-03 1.2872e+01 1.7053e-13
   288 1.3859e-03 3.4474e+01    3.7237e-03 1.2830e+01 9.9476e-14
   240 7.9982e-04 3.4568e+01    2.1382e-03 1.2931e+01 4.2633e-14
   192 4.2038e-04 3.3674e+01    1.0716e-03 1.3210e+01 2.8422e-14
   144 1.9267e-04 3.0996e+01    3.7132e-04 1.6083e+01 2.8422e-14
    96 6.7162e-05 2.6346e+01    1.0441e-04 1.6947e+01 1.0658e-14
    48 1.4404e-05 1.5356e+01    1.3196e-05 1.6761e+01 5.3291e-15
];

% Maximum difference between reference and your implementation: 2.160050e-12.
