% number of repeats:% 3
% enter first, last, inc:% 48 1488 48 
data = [
%  n          reference      |         current implementation 
%        time       GFLOPS   |    time       GFLOPS     diff 
  1488 1.8631e-01 3.5368e+01    6.9787e+00 9.4420e-01 2.1600e-12
  1440 1.5263e-01 3.9128e+01    6.3788e+00 9.3621e-01 2.1032e-12
  1392 1.3808e-01 3.9069e+01    4.6157e+00 1.1687e+00 1.9327e-12
  1344 1.2404e-01 3.9144e+01    5.1681e+00 9.3950e-01 1.7621e-12
  1296 1.1206e-01 3.8849e+01    3.4746e+00 1.2530e+00 1.8190e-12
  1248 9.8043e-02 3.9651e+01    3.8735e+00 1.0036e+00 1.6485e-12
  1200 8.7679e-02 3.9417e+01    2.5067e+00 1.3787e+00 1.5348e-12
  1152 8.2633e-02 3.7003e+01    3.2064e+00 9.5360e-01 1.3642e-12
  1104 6.7972e-02 3.9592e+01    1.8793e+00 1.4320e+00 1.2506e-12
  1056 5.9677e-02 3.9465e+01    2.1752e+00 1.0827e+00 1.1937e-12
  1008 5.1411e-02 3.9843e+01    1.3386e+00 1.5303e+00 1.0232e-12
   960 4.4310e-02 3.9933e+01    1.9055e+00 9.2860e-01 1.0232e-12
   912 3.8769e-02 3.9131e+01    9.5788e-01 1.5838e+00 1.0800e-12
   864 3.2425e-02 3.9782e+01    1.0418e+00 1.2382e+00 8.5265e-13
   816 2.7550e-02 3.9443e+01    6.5775e-01 1.6521e+00 8.2423e-13
   768 2.3169e-02 3.9103e+01    9.3903e-01 9.6479e-01 7.1054e-13
   720 1.9084e-02 3.9117e+01    4.4851e-01 1.6644e+00 6.8212e-13
   672 1.5686e-02 3.8693e+01    4.1708e-01 1.4552e+00 5.6843e-13
   624 1.2540e-02 3.8753e+01    2.8882e-01 1.6825e+00 5.4001e-13
   576 9.8655e-03 3.8742e+01    3.5199e-01 1.0858e+00 4.8317e-13
   528 7.6784e-03 3.8341e+01    1.7494e-01 1.6828e+00 4.2633e-13
   480 5.6835e-03 3.8917e+01    1.3443e-01 1.6454e+00 3.1264e-13
   432 4.2157e-03 3.8248e+01    9.4997e-02 1.6974e+00 2.7001e-13
   384 3.0227e-03 3.7465e+01    1.1138e-01 1.0168e+00 2.2737e-13
   336 2.0329e-03 3.7319e+01    4.4446e-02 1.7069e+00 1.7053e-13
   288 1.3122e-03 3.6410e+01    2.7947e-02 1.7095e+00 9.9476e-14
   240 7.5361e-04 3.6688e+01    1.6350e-02 1.6910e+00 4.2633e-14
   192 3.9936e-04 3.5446e+01    8.2525e-03 1.7153e+00 2.8422e-14
   144 1.8070e-04 3.3050e+01    3.4552e-03 1.7284e+00 2.8422e-14
    96 6.2156e-05 2.8468e+01    1.0239e-03 1.7282e+00 1.0658e-14
    48 1.2965e-05 1.7060e+01    1.3587e-04 1.6279e+00 5.3291e-15
];

% Maximum difference between reference and your implementation: 2.160050e-12.
