% number of repeats:% 3
% enter first, last, inc:% 48 480 48 
data = [
%  n          reference      |         current implementation 
%        time       GFLOPS   |    time       GFLOPS     diff 
   480 6.6110e-03 3.3457e+01    3.6594e-01 6.0442e-01 3.4106e-13
   432 4.2542e-03 3.7902e+01    2.6229e-01 6.1476e-01 2.9843e-13
   384 3.1322e-03 3.6156e+01    2.1393e-01 5.2937e-01 2.1316e-13
   336 2.0885e-03 3.6325e+01    1.1085e-01 6.8440e-01 1.7053e-13
   288 1.2896e-03 3.7048e+01    6.7646e-02 7.0627e-01 1.1369e-13
   240 7.3690e-04 3.7519e+01    3.9371e-02 7.0225e-01 4.2633e-14
   192 3.8688e-04 3.6590e+01    2.0006e-02 7.0758e-01 2.8422e-14
   144 1.7772e-04 3.3604e+01    8.3872e-03 7.1203e-01 2.8422e-14
    96 6.3031e-05 2.8073e+01    2.4708e-03 7.1616e-01 1.4211e-14
    48 1.2522e-05 1.7664e+01    3.2770e-04 6.7496e-01 5.3291e-15
];

% Maximum difference between reference and your implementation: 3.410605e-13.
