% number of repeats:% 3
% enter first, last, inc:% 48 480 48 
data = [
%  n          reference      |         current implementation 
%        time       GFLOPS   |    time       GFLOPS     diff 
   480 6.6705e-03 3.3159e+01    3.2972e-01 6.7083e-01 3.4106e-13
   432 4.0671e-03 3.9646e+01    2.3235e-01 6.9397e-01 2.9843e-13
   384 2.9862e-03 3.7923e+01    2.1988e-01 5.1505e-01 2.1316e-13
   336 1.9941e-03 3.8045e+01    1.0896e-01 6.9627e-01 1.7053e-13
   288 1.2898e-03 3.7040e+01    6.8720e-02 6.9523e-01 1.1369e-13
   240 7.3619e-04 3.7556e+01    3.9937e-02 6.9229e-01 4.2633e-14
   192 3.8852e-04 3.6435e+01    2.0309e-02 6.9703e-01 2.8422e-14
   144 1.7824e-04 3.3505e+01    8.4776e-03 7.0444e-01 2.8422e-14
    96 6.1998e-05 2.8541e+01    2.5040e-03 7.0666e-01 1.4211e-14
    48 1.2725e-05 1.7382e+01    3.3221e-04 6.6581e-01 5.3291e-15
];

% Maximum difference between reference and your implementation: 3.410605e-13.
