% number of repeats:% 3
% enter first, last, inc:% 48 1488 48 
data = [
%  n          reference      |         current implementation 
%        time       GFLOPS   |    time       GFLOPS     diff 
  1488 1.6750e-01 3.9340e+01    3.2565e+00 2.0234e+00 2.1600e-12
  1440 1.4623e-01 4.0840e+01    2.8296e+00 2.1105e+00 2.1032e-12
  1392 1.3353e-01 4.0398e+01    2.5787e+00 2.0919e+00 1.9327e-12
  1344 1.1962e-01 4.0591e+01    2.2841e+00 2.1258e+00 1.7621e-12
  1296 1.0820e-01 4.0236e+01    2.0474e+00 2.1264e+00 1.8190e-12
  1248 9.4482e-02 4.1146e+01    1.7950e+00 2.1658e+00 1.6485e-12
  1200 8.4175e-02 4.1057e+01    1.5869e+00 2.1779e+00 1.5348e-12
  1152 7.4460e-02 4.1064e+01    1.4289e+00 2.1399e+00 1.3642e-12
  1104 6.5855e-02 4.0865e+01    1.2186e+00 2.2084e+00 1.2506e-12
  1056 5.7485e-02 4.0970e+01    1.0647e+00 2.2121e+00 1.1937e-12
  1008 4.9466e-02 4.1410e+01    9.0744e-01 2.2573e+00 1.0232e-12
   960 4.2679e-02 4.1460e+01    8.2195e-01 2.1528e+00 1.0232e-12
   912 3.6877e-02 4.1139e+01    6.6080e-01 2.2958e+00 1.0800e-12
   864 3.1461e-02 4.1002e+01    5.6565e-01 2.2805e+00 8.5265e-13
   816 2.6730e-02 4.0654e+01    4.6138e-01 2.3553e+00 8.2423e-13
   768 2.2203e-02 4.0803e+01    4.2554e-01 2.1290e+00 7.1054e-13
   720 1.8343e-02 4.0696e+01    3.1044e-01 2.4046e+00 6.8212e-13
   672 1.4936e-02 4.0636e+01    2.5237e-01 2.4049e+00 5.6843e-13
   624 1.2100e-02 4.0159e+01    1.9742e-01 2.4614e+00 5.4001e-13
   576 9.5405e-03 4.0061e+01    1.6871e-01 2.2654e+00 4.8317e-13
   528 7.4568e-03 3.9480e+01    1.1538e-01 2.5515e+00 4.2633e-13
   480 5.4816e-03 4.0350e+01    8.7391e-02 2.5310e+00 3.1264e-13
   432 4.0274e-03 4.0037e+01    6.3093e-02 2.5556e+00 2.7001e-13
   384 2.9057e-03 3.8974e+01    5.2323e-02 2.1644e+00 2.2737e-13
   336 1.9728e-03 3.8455e+01    2.9533e-02 2.5689e+00 1.7053e-13
   288 1.2769e-03 3.7416e+01    1.8372e-02 2.6004e+00 9.9476e-14
   240 7.2596e-04 3.8085e+01    1.0608e-02 2.6063e+00 4.2633e-14
   192 3.8202e-04 3.7055e+01    5.5194e-03 2.5647e+00 2.8422e-14
   144 1.7521e-04 3.4084e+01    2.2741e-03 2.6260e+00 2.8422e-14
    96 6.1417e-05 2.8811e+01    6.7703e-04 2.6136e+00 1.0658e-14
    48 1.3041e-05 1.6961e+01    8.1793e-05 2.7042e+00 5.3291e-15
];

% Maximum difference between reference and your implementation: 2.160050e-12.
