% number of repeats:% 3
% enter first, last, inc:% 48 1488 48 
data = [
%  n          reference      |         current implementation 
%        time       GFLOPS   |    time       GFLOPS     diff 
  1488 1.6847e-01 3.9113e+01    9.5807e-01 6.8777e+00 2.1600e-12
  1440 1.4445e-01 4.1343e+01    9.0136e-01 6.6255e+00 2.1032e-12
  1392 1.3135e-01 4.1069e+01    7.9563e-01 6.7801e+00 1.9327e-12
  1344 1.1810e-01 4.1112e+01    7.2711e-01 6.6777e+00 1.7621e-12
  1296 1.0607e-01 4.1044e+01    6.4055e-01 6.7966e+00 1.8190e-12
  1248 9.3352e-02 4.1644e+01    5.8091e-01 6.6922e+00 1.6485e-12
  1200 8.2932e-02 4.1673e+01    5.1369e-01 6.7278e+00 1.5348e-12
  1152 7.3675e-02 4.1502e+01    5.3136e-01 5.7544e+00 1.3642e-12
  1104 6.4686e-02 4.1603e+01    3.9687e-01 6.7810e+00 1.2506e-12
  1056 5.6522e-02 4.1668e+01    3.6968e-01 6.3709e+00 1.1937e-12
  1008 4.8582e-02 4.2163e+01    3.1114e-01 6.5835e+00 1.0232e-12
   960 4.2195e-02 4.1936e+01    2.6726e-01 6.6208e+00 1.0232e-12
   912 3.6282e-02 4.1815e+01    2.2215e-01 6.8290e+00 1.0800e-12
   864 3.0979e-02 4.1639e+01    1.9448e-01 6.6329e+00 8.5265e-13
   816 2.6286e-02 4.1341e+01    1.5950e-01 6.8130e+00 8.2423e-13
   768 2.1955e-02 4.1266e+01    1.6620e-01 5.4511e+00 7.1054e-13
   720 1.8004e-02 4.1463e+01    1.0998e-01 6.7873e+00 6.8212e-13
   672 1.4748e-02 4.1153e+01    9.1376e-02 6.6421e+00 5.6843e-13
   624 1.1913e-02 4.0792e+01    7.1170e-02 6.8279e+00 5.4001e-13
   576 9.4430e-03 4.0475e+01    5.7053e-02 6.6992e+00 4.8317e-13
   528 7.3396e-03 4.0111e+01    4.5659e-02 6.4478e+00 4.2633e-13
   480 5.4140e-03 4.0854e+01    3.3265e-02 6.6491e+00 3.1264e-13
   432 3.9862e-03 4.0450e+01    2.3109e-02 6.9776e+00 2.7001e-13
   384 2.8822e-03 3.9291e+01    1.8485e-02 6.1262e+00 2.2737e-13
   336 1.9477e-03 3.8951e+01    1.0603e-02 7.1554e+00 1.7053e-13
   288 1.2593e-03 3.7939e+01    6.6176e-03 7.2195e+00 9.9476e-14
   240 7.1949e-04 3.8427e+01    3.6880e-03 7.4967e+00 4.2633e-14
   192 3.7947e-04 3.7304e+01    1.9075e-03 7.4213e+00 2.8422e-14
   144 1.8485e-04 3.2307e+01    7.8358e-04 7.6214e+00 2.8422e-14
    96 6.0895e-05 2.9058e+01    2.3803e-04 7.4339e+00 1.0658e-14
    48 1.3107e-05 1.6875e+01    2.5050e-05 8.8297e+00 5.3291e-15
];

% Maximum difference between reference and your implementation: 2.160050e-12.
