% number of repeats:% 3
% enter first, last, inc:% 48 1488 48 
data = [
%  n          reference      |         current implementation 
%        time       GFLOPS   |    time       GFLOPS     diff 
  1488 1.8239e-01 3.6128e+01    7.1449e+00 9.2223e-01 2.1600e-12
  1440 1.4818e-01 4.0301e+01    6.5372e+00 9.1353e-01 2.1032e-12
  1392 1.3460e-01 4.0077e+01    4.7462e+00 1.1366e+00 1.9327e-12
  1344 1.2139e-01 3.9997e+01    5.4504e+00 8.9084e-01 1.7621e-12
  1296 1.0918e-01 3.9876e+01    3.5617e+00 1.2223e+00 1.8190e-12
  1248 9.5682e-02 4.0630e+01    4.0069e+00 9.7021e-01 1.6485e-12
  1200 8.5012e-02 4.0653e+01    2.6625e+00 1.2980e+00 1.5348e-12
  1152 7.6046e-02 4.0208e+01    3.3065e+00 9.2475e-01 1.3642e-12
  1104 6.6398e-02 4.0530e+01    1.9084e+00 1.4102e+00 1.2506e-12
  1056 5.8273e-02 4.0416e+01    2.2410e+00 1.0510e+00 1.1937e-12
  1008 5.0244e-02 4.0769e+01    1.3931e+00 1.4703e+00 1.0232e-12
   960 4.3291e-02 4.0874e+01    2.0132e+00 8.7893e-01 1.0232e-12
   912 3.7150e-02 4.0837e+01    1.0095e+00 1.5028e+00 1.0800e-12
   864 3.1757e-02 4.0620e+01    1.0812e+00 1.1931e+00 8.5265e-13
   816 2.6941e-02 4.0335e+01    7.1071e-01 1.5290e+00 8.2423e-13
   768 2.2796e-02 3.9742e+01    9.6833e-01 9.3560e-01 7.1054e-13
   720 1.8497e-02 4.0357e+01    4.8040e-01 1.5539e+00 6.8212e-13
   672 1.5168e-02 4.0013e+01    4.3723e-01 1.3881e+00 5.6843e-13
   624 1.2215e-02 3.9783e+01    3.0814e-01 1.5770e+00 5.4001e-13
   576 9.6796e-03 3.9486e+01    3.6343e-01 1.0517e+00 4.8317e-13
   528 7.5274e-03 3.9110e+01    1.8619e-01 1.5812e+00 4.2633e-13
   480 5.5391e-03 3.9931e+01    1.4128e-01 1.5656e+00 3.1264e-13
   432 4.0677e-03 3.9640e+01    1.0173e-01 1.5850e+00 2.7001e-13
   384 2.9716e-03 3.8109e+01    1.1527e-01 9.8243e-01 2.2737e-13
   336 1.9870e-03 3.8181e+01    4.7788e-02 1.5876e+00 1.7053e-13
   288 1.2869e-03 3.7124e+01    3.0076e-02 1.5885e+00 9.9476e-14
   240 7.3782e-04 3.7473e+01    1.7605e-02 1.5704e+00 4.2633e-14
   192 3.8618e-04 3.6656e+01    8.9266e-03 1.5858e+00 2.8422e-14
   144 1.7651e-04 3.3834e+01    3.7677e-03 1.5851e+00 2.8422e-14
    96 6.1601e-05 2.8725e+01    1.1169e-03 1.5843e+00 1.0658e-14
    48 1.2538e-05 1.7641e+01    1.4795e-04 1.4950e+00 5.3291e-15
];

% Maximum difference between reference and your implementation: 2.160050e-12.
