% number of repeats:% 3
% enter first, last, inc:% 48 1488 48 
data = [
%  n          reference      |         current implementation 
%        time       GFLOPS   |    time       GFLOPS     diff 
  1488 1.6824e-01 3.9166e+01    1.0009e+00 6.5832e+00 2.1600e-12
  1440 1.4508e-01 4.1164e+01    8.5227e-01 7.0071e+00 2.1032e-12
  1392 1.3111e-01 4.1143e+01    7.6818e-01 7.0224e+00 1.9327e-12
  1344 1.1800e-01 4.1147e+01    6.9711e-01 6.9651e+00 1.7621e-12
  1296 1.0631e-01 4.0950e+01    6.2100e-01 7.0105e+00 1.8190e-12
  1248 9.3245e-02 4.1692e+01    5.5349e-01 7.0237e+00 1.6485e-12
  1200 8.2864e-02 4.1707e+01    4.9040e-01 7.0473e+00 1.5348e-12
  1152 7.3604e-02 4.1542e+01    4.5669e-01 6.6952e+00 1.3642e-12
  1104 6.4648e-02 4.1627e+01    3.9215e-01 6.8626e+00 1.2506e-12
  1056 5.6477e-02 4.1702e+01    3.4332e-01 6.8599e+00 1.1937e-12
  1008 4.8535e-02 4.2204e+01    2.9656e-01 6.9072e+00 1.0232e-12
   960 4.2204e-02 4.1926e+01    2.5229e-01 7.0138e+00 1.0232e-12
   912 3.6273e-02 4.1824e+01    2.1635e-01 7.0124e+00 1.0800e-12
   864 3.0940e-02 4.1691e+01    1.8308e-01 7.0456e+00 8.5265e-13
   816 2.6243e-02 4.1409e+01    1.5551e-01 6.9877e+00 8.2423e-13
   768 2.1931e-02 4.1310e+01    1.5064e-01 6.0140e+00 7.1054e-13
   720 1.7976e-02 4.1527e+01    1.0647e-01 7.0111e+00 6.8212e-13
   672 1.4739e-02 4.1179e+01    8.6485e-02 7.0178e+00 5.6843e-13
   624 1.1897e-02 4.0845e+01    6.9741e-02 6.9678e+00 5.4001e-13
   576 9.4335e-03 4.0516e+01    5.5503e-02 6.8863e+00 4.8317e-13
   528 7.3243e-03 4.0194e+01    4.2494e-02 6.9280e+00 4.2633e-13
   480 5.4067e-03 4.0909e+01    3.1564e-02 7.0074e+00 3.1264e-13
   432 3.9787e-03 4.0526e+01    2.2776e-02 7.0794e+00 2.7001e-13
   384 2.8801e-03 3.9321e+01    1.6607e-02 6.8192e+00 2.2737e-13
   336 1.9456e-03 3.8993e+01    1.0848e-02 6.9938e+00 1.7053e-13
   288 1.2576e-03 3.7989e+01    6.8621e-03 6.9623e+00 9.9476e-14
   240 7.1584e-04 3.8623e+01    3.9278e-03 7.0391e+00 4.2633e-14
   192 3.7971e-04 3.7280e+01    1.9838e-03 7.1356e+00 2.8422e-14
   144 1.7474e-04 3.4176e+01    8.3064e-04 7.1896e+00 2.8422e-14
    96 6.1420e-05 2.8809e+01    2.3444e-04 7.5476e+00 1.0658e-14
    48 1.2772e-05 1.7318e+01    2.4994e-05 8.8495e+00 5.3291e-15
];

% Maximum difference between reference and your implementation: 2.160050e-12.
